593/602 [============================>.] - ETA: 0s - loss: 0.0000e+00 - accuracy: 0.3437[array([[ 0.3816981 , -0.49110988, -0.31052253, -0.03973968,  0.5123763 ,
         0.40420055,  0.28693146,  0.02604398, -0.39861587,  0.03390178,
        -0.41612926,  0.2999103 , -0.32098177,  0.5210798 , -0.06066511,
        -0.05972108],
       [ 0.09060708, -0.01867861, -0.22764029,  0.19545224, -0.37019265,
         0.21998617, -0.2064804 ,  0.5522109 ,  0.48475543,  0.3810028 ,
         0.2885517 , -0.2538876 , -0.40143484,  0.17885046, -0.40051466,
         0.17344797],
       [ 0.09223984, -0.37816185,  0.5733149 , -0.4040164 ,  0.30550194,
        -0.00091064, -0.07298931,  0.5544464 ,  0.24160998,  0.515273  ,
         0.032908  ,  0.16490708,  0.02044532, -0.1991058 , -0.09829728,
        -0.10035763],
       [ 0.5099302 ,  0.12248018, -0.16476288,  0.06322046,  0.07646178,
        -0.0220425 ,  0.38580757,  0.30340225,  0.00659153,  0.20401244,
        -0.20736443, -0.5601174 ,  0.439911  , -0.3703759 , -0.26491395,
        -0.4256539 ],
       [-0.08122458,  0.60678005, -0.01551315,  0.42070526, -0.13375938,
        -0.37200126,  0.55722255, -0.29492548,  0.5712549 , -0.19505858,
        -0.06586953, -0.23500402,  0.54757804, -0.32428122,  0.03378526,
         0.2954053 ]], dtype=float32), array([[-0.3576927 ,  0.45605934,  0.12806258, -0.003431  , -0.07823508,
         0.34166843,  0.09605952, -0.29585013,  0.0950637 , -0.11422063,
         0.03159427, -0.15253474, -0.07969517, -0.4586583 , -0.1196055 ,
        -0.10710395],
       [-0.27885067,  0.1499974 , -0.16250332,  0.5130148 , -0.32548827,
         0.02354509,  0.14850156,  0.23111825,  0.37187833,  0.22687215,
        -0.544569  , -0.16310306,  0.3848228 ,  0.08794816,  0.13471653,
         0.02623471],
       [-0.26247177, -0.14573726, -0.5401957 ,  0.2554655 ,  0.30183655,
         0.2353957 ,  0.07825778,  0.21519843, -0.27429315, -0.16850792,
         0.05842098, -0.05487684, -0.5494685 , -0.08511406, -0.00867649,
         0.05823739],
       [-0.18855366, -0.11731572,  0.43728495,  0.10114126, -0.02237473,
        -0.2590824 , -0.4171685 ,  0.11857099,  0.1641518 , -0.08870672,
         0.00825201, -0.30355605, -0.39580742, -0.09625055, -0.33365995,
         0.15951319]], dtype=float32), array([ 0.07955889,  0.09196797,  0.07950614,  0.08005444,  1.0811576 ,
        1.0943384 ,  1.0795817 ,  1.0723703 ,  0.06512115,  0.08130801,
       -0.07849209, -0.07429818,  0.07754136,  0.09030132,  0.07745701,
        0.07748368], dtype=float32)]
602/602 [==============================] - 2s 3ms/step - loss: 0.0000e+00 - accuracy: 0.3432 - val_loss: 0.0000e+00 - val_accuracy: 0.3257
Epoch 2/10
576/602 [===========================>..] - ETA: 0s - loss: 0.0000e+00 - accuracy: 0.3441[array([[ 0.36583033, -0.45463637, -0.2754023 , -0.04126238,  0.4970017 ,
         0.4429236 ,  0.32315987,  0.01318935, -0.37537825,  0.06831354,
        -0.44953862,  0.26720124, -0.33561137,  0.55819297, -0.02652429,
        -0.06013562],
       [ 0.10339689,  0.01216246, -0.20961384,  0.22870909, -0.3583728 ,
         0.2521945 , -0.21243799,  0.58660233,  0.49742663,  0.4105561 ,
         0.26041412, -0.28406993, -0.38959578,  0.20930104, -0.38383132,
         0.20580259],
       [ 0.13890618, -0.31502086,  0.6379641 , -0.34359452,  0.3487542 ,
         0.06455424, -0.00933027,  0.60850835,  0.28868684,  0.5753378 ,
        -0.02512808,  0.10316051,  0.06600332, -0.13626628, -0.0352615 ,
        -0.04011411],
       [ 0.56593746,  0.19277279, -0.09458778,  0.13397938,  0.12930652,
         0.05078325,  0.45568472,  0.3718086 ,  0.0584851 ,  0.2691944 ,
        -0.27105588, -0.62580746,  0.4925871 , -0.30146325, -0.19659466,
        -0.35651872],
       [-0.01266858,  0.6906674 ,  0.06287072,  0.49998352, -0.06626108,
        -0.28675005,  0.6364287 , -0.21681385,  0.6300202 , -0.12347748,
        -0.1353635 , -0.30636382,  0.6108579 , -0.24357362,  0.110204  ,
         0.36740655]], dtype=float32), array([[-0.28643534,  0.51660055,  0.19192751,  0.07327992, -0.00579761,
         0.40826625,  0.15876417, -0.216948  ,  0.14799368, -0.05664594,
        -0.03261148, -0.21393386, -0.01160472, -0.39128172, -0.0598126 ,
        -0.03207013],
       [-0.2118355 ,  0.22626221, -0.08554199,  0.5886001 , -0.26240912,
         0.10191236,  0.22391142,  0.3053559 ,  0.4342902 ,  0.29565704,
        -0.61328405, -0.23340258,  0.44564304,  0.16165139,  0.20907144,
         0.09947708],
       [-0.33003515, -0.22504604, -0.6183412 ,  0.18077801,  0.23928738,
         0.15379459, -0.00191006,  0.14298798, -0.33637813, -0.2394121 ,
         0.12689531,  0.01559708, -0.6112055 , -0.16140315, -0.08448456,
        -0.01391263],
       [-0.26160222, -0.18561435,  0.37010822,  0.02125403, -0.09675192,
        -0.33204195, -0.48099604,  0.03668164,  0.11056396, -0.15255673,
         0.07317403, -0.23963241, -0.4648807 , -0.16657923, -0.39735234,
         0.08199403]], dtype=float32), array([ 0.1387295 ,  0.15953396,  0.14837177,  0.14706439,  1.1363468 ,
        1.1633272 ,  1.1478215 ,  1.1378751 ,  0.12416814,  0.14546905,
       -0.142492  , -0.13866608,  0.13455191,  0.15757075,  0.14594787,
        0.14391567], dtype=float32)]
602/602 [==============================] - 1s 2ms/step - loss: 0.0000e+00 - accuracy: 0.3432 - val_loss: 0.0000e+00 - val_accuracy: 0.3257
Epoch 3/10
581/602 [===========================>..] - ETA: 0s - loss: 0.0000e+00 - accuracy: 0.3435[array([[ 0.3727653 , -0.42084163, -0.24156812, -0.01782483,  0.49034896,
         0.4773269 ,  0.35776347,  0.02089412, -0.342273  ,  0.10142438,
        -0.4828616 ,  0.23356049, -0.32929367,  0.5921635 ,  0.00711625,
        -0.03610416],
       [ 0.12450041,  0.03977484, -0.18027118,  0.25711754, -0.34335333,
         0.28017446, -0.18545976,  0.61564124,  0.5178874 ,  0.4377821 ,
         0.23282002, -0.31160486, -0.37171936,  0.23680063, -0.35468623,
         0.23399642],
       [ 0.19446501, -0.25752324,  0.6973916 , -0.28447738,  0.39723185,
         0.12277872,  0.0508589 ,  0.6655501 ,  0.34360874,  0.63189536,
        -0.08185448,  0.04599364,  0.12043649, -0.07885143,  0.02386596,
         0.01884716],
       [ 0.6215495 ,  0.25476038, -0.0317388 ,  0.19673808,  0.17862296,
         0.11349168,  0.5194764 ,  0.43571934,  0.11348059,  0.32961673,
        -0.33187535, -0.68658787,  0.5464343 , -0.23990484, -0.13394547,
        -0.29373524],
       [ 0.04711439,  0.7565414 ,  0.12924924,  0.5672351 , -0.01183669,
        -0.22005561,  0.70430565, -0.14881472,  0.68654674, -0.06083447,
        -0.19843249, -0.3696996 ,  0.6692064 , -0.1783367 ,  0.17640908,
         0.43406922]], dtype=float32), array([[-0.2248824 ,  0.57728165,  0.25373814,  0.13880923,  0.05689563,
         0.47165993,  0.22255395, -0.14984813,  0.20271364,  0.00187281,
        -0.09487698, -0.2736425 ,  0.05027094, -0.32817587,  0.00193065,
         0.03319049],
       [-0.1493742 ,  0.2913779 , -0.01984487,  0.6546874 , -0.20455572,
         0.16762853,  0.29059747,  0.37077713,  0.49467197,  0.35873628,
        -0.6765532 , -0.2969777 ,  0.5059466 ,  0.22609593,  0.27419102,
         0.16467153],
       [-0.39290807, -0.29062083, -0.6845622 ,  0.11421479,  0.18178782,
         0.08730515, -0.0688174 ,  0.07773066, -0.39726597, -0.3027373 ,
         0.19064221,  0.07927348, -0.67124784, -0.22668977, -0.14993535,
        -0.07958095],
       [-0.32524505, -0.25003073,  0.30491737, -0.04597972, -0.1588472 ,
        -0.39765108, -0.5469522 , -0.03152294,  0.05249791, -0.21368828,
         0.13601913, -0.17786704, -0.5272376 , -0.23125894, -0.4620351 ,
         0.01584346]], dtype=float32), array([ 0.19966213,  0.22224131,  0.21161823,  0.21023615,  1.1918321 ,
        1.2264663 ,  1.2117978 ,  1.200099  ,  0.18522218,  0.20704946,
       -0.2040159 , -0.20048231,  0.19455716,  0.22018524,  0.20908292,
        0.20725232], dtype=float32)]
602/602 [==============================] - 1s 2ms/step - loss: 0.0000e+00 - accuracy: 0.3432 - val_loss: 0.0000e+00 - val_accuracy: 0.3257
Epoch 4/10
580/602 [===========================>..] - ETA: 0s - loss: 0.0000e+00 - accuracy: 0.3445[array([[ 4.01673764e-01, -3.87596399e-01, -2.08305851e-01,
         1.59728676e-02,  5.08981586e-01,  5.10833502e-01,
         3.91353756e-01,  5.44845164e-02, -3.09934944e-01,
         1.34365693e-01, -5.15898347e-01,  2.00382844e-01,
        -3.02047133e-01,  6.25484586e-01,  4.02937755e-02,
        -2.34411750e-03],
       [ 1.47320837e-01,  6.75974563e-02, -1.51708007e-01,
         2.85291195e-01, -3.25895071e-01,  3.08161408e-01,
        -1.56655625e-01,  6.44080818e-01,  5.41371822e-01,
         4.65428084e-01,  2.05005586e-01, -3.39392364e-01,
        -3.51247221e-01,  2.64571875e-01, -3.26203674e-01,
         2.62077212e-01],
       [ 2.46949360e-01, -2.02109590e-01,  7.53625035e-01,
        -2.28021398e-01,  4.45074707e-01,  1.78503424e-01,
         1.07469045e-01,  7.22770572e-01,  3.96335334e-01,
         6.86896086e-01, -1.36930630e-01, -9.27633327e-03,
         1.70902655e-01, -2.34735124e-02,  7.99799412e-02,
         7.52392560e-02],
       [ 6.76643193e-01,  3.14841688e-01,  2.86591239e-02,
         2.57219970e-01,  2.32378840e-01,  1.73882455e-01,
         5.80284595e-01,  4.96925831e-01,  1.68318659e-01,
         3.89003843e-01, -3.91356260e-01, -7.46205866e-01,
         6.01235330e-01, -1.80010676e-01, -7.36563206e-02,
        -2.33242944e-01],
       [ 1.05477042e-01,  8.18196774e-01,  1.91433221e-01,
         6.29781425e-01,  4.50069644e-02, -1.58029869e-01,
         7.67207444e-01, -8.45200494e-02,  7.42918193e-01,
        -6.73208036e-04, -2.58860677e-01, -4.30448323e-01,
         7.26534665e-01, -1.16908386e-01,  2.38637507e-01,
         4.96850401e-01]], dtype=float32), array([[-0.16467908,  0.639335  ,  0.3162864 ,  0.20153916,  0.11655491,
         0.5342344 ,  0.2855413 , -0.08651461,  0.2621697 ,  0.06241234,
        -0.15612617, -0.33516645,  0.10939448, -0.2661748 ,  0.06416726,
         0.09563375],
       [-0.08821557,  0.3534818 ,  0.04253295,  0.7173924 , -0.14506492,
         0.22997996,  0.35338494,  0.4341217 ,  0.55470425,  0.4199703 ,
        -0.73787093, -0.35842827,  0.56534845,  0.28791893,  0.33632475,
         0.22710338],
       [-0.4538759 , -0.3530991 , -0.74715346,  0.05115687,  0.12197469,
         0.02457354, -0.13169296,  0.01412139, -0.45736238, -0.3642675 ,
         0.25216714,  0.14095594, -0.731046  , -0.2888906 , -0.21220823,
        -0.14229336],
       [-0.38629383, -0.3127777 ,  0.24207929, -0.10902487, -0.21866617,
        -0.4606899 , -0.610189  , -0.09488047, -0.00768938, -0.2752947 ,
         0.19763976, -0.11605582, -0.5871066 , -0.2936419 , -0.5245754 ,
        -0.04677324]], dtype=float32), array([ 0.26047984,  0.28331128,  0.27292576,  0.2718023 ,  1.2512242 ,
        1.2877265 ,  1.2734196 ,  1.2620184 ,  0.24542032,  0.26761064,
       -0.26455134, -0.26115143,  0.25513723,  0.28121352,  0.2703417 ,
        0.2687119 ], dtype=float32)]
602/602 [==============================] - 1s 2ms/step - loss: 0.0000e+00 - accuracy: 0.3432 - val_loss: 0.0000e+00 - val_accuracy: 0.3257
Epoch 5/10
585/602 [============================>.] - ETA: 0s - loss: 0.0000e+00 - accuracy: 0.3432[array([[ 0.43067223, -0.35548115, -0.17618251,  0.04834997,  0.53560334,
         0.5430732 ,  0.42363337,  0.08708953, -0.2790216 ,  0.16633385,
        -0.5479122 ,  0.1683003 , -0.2736156 ,  0.65763706,  0.07237634,
         0.03001535],
       [ 0.17129964,  0.09371731, -0.12524873,  0.3115737 , -0.305205  ,
         0.33435786, -0.13008903,  0.6704842 ,  0.56606966,  0.4914648 ,
         0.17888947, -0.3654958 , -0.32928988,  0.2906681 , -0.29978022,
         0.2883167 ],
       [ 0.29659894, -0.14787638,  0.8082548 , -0.17328481,  0.4898087 ,
         0.23288836,  0.16227905,  0.7778773 ,  0.44819608,  0.74092543,
        -0.1909973 , -0.06343882,  0.21781896,  0.03074207,  0.13455294,
         0.1299455 ],
       [ 0.73289996,  0.37435517,  0.08805738,  0.3165138 ,  0.28725702,
         0.23354746,  0.6398827 ,  0.556568  ,  0.22496602,  0.4481723 ,
        -0.45030242, -0.805075  ,  0.6565582 , -0.12058949, -0.01431106,
        -0.17394394],
       [ 0.1621694 ,  0.8787667 ,  0.25175723,  0.69024163,  0.10096613,
        -0.09733628,  0.8280683 , -0.0233266 ,  0.799184  ,  0.05916271,
        -0.31814477, -0.48997685,  0.7813318 , -0.05663668,  0.29897216,
         0.5573761 ]], dtype=float32), array([[-0.10541376,  0.700507  ,  0.37759542,  0.26293415,  0.17529573,
         0.5955622 ,  0.34705964, -0.02483392,  0.32099584,  0.12314659,
        -0.21690407, -0.39597666,  0.1683115 , -0.2051315 ,  0.12532605,
         0.15689136],
       [-0.02900635,  0.41457537,  0.10375897,  0.7787757 , -0.08617851,
         0.2911935 ,  0.41480717,  0.49580753,  0.6138985 ,  0.48063722,
        -0.798579  , -0.41920224,  0.6242181 ,  0.3488755 ,  0.39743295,
         0.2883552 ],
       [-0.513337  , -0.41437367, -0.8084822 , -0.0103939 ,  0.06305987,
        -0.03682216, -0.19315712, -0.04768848, -0.51644486, -0.42508078,
         0.31297782,  0.20184405, -0.7900721 , -0.35003114, -0.27338362,
        -0.20368008],
       [-0.44579023, -0.37418115,  0.18063258, -0.17056966, -0.27773288,
        -0.5222318 , -0.67182505, -0.15657254, -0.06681658, -0.33614543,
         0.2584975 , -0.05510457, -0.6462029 , -0.35487023, -0.58587956,
        -0.10811402]], dtype=float32), array([ 0.3208398 ,  0.34389648,  0.3336292 ,  0.33263314,  1.309888  ,
        1.3484063 ,  1.3342772 ,  1.3230219 ,  0.30556977,  0.32794106,
       -0.32486856, -0.32153627,  0.31448495,  0.34177792,  0.3310204 ,
        0.32949024], dtype=float32)]
602/602 [==============================] - 1s 2ms/step - loss: 0.0000e+00 - accuracy: 0.3432 - val_loss: 0.0000e+00 - val_accuracy: 0.3257
Epoch 6/10
580/602 [===========================>..] - ETA: 0s - loss: 0.0000e+00 - accuracy: 0.3428[array([[ 0.46220654, -0.32301486, -0.14371201,  0.0809541 ,  0.5653592 ,
         0.57560563,  0.45618674,  0.11981209, -0.24658802,  0.19872232,
        -0.5803249 ,  0.1358512 , -0.24363977,  0.69012374,  0.1048255 ,
         0.06261028],
       [ 0.1952056 ,  0.11966188, -0.09912692,  0.33760357, -0.28185338,
         0.3603427 , -0.10391185,  0.6965773 ,  0.59176654,  0.5173657 ,
         0.15294686, -0.3914321 , -0.30601394,  0.31659997, -0.27367732,
         0.3143244 ],
       [ 0.34956002, -0.09308097,  0.8632585 , -0.11822534,  0.5392447 ,
         0.2877635 ,  0.21737656,  0.83312875,  0.50294125,  0.79561317,
        -0.24570478, -0.11819692,  0.26897654,  0.08552828,  0.1895272 ,
         0.18498921],
       [ 0.7914509 ,  0.4339537 ,  0.14773168,  0.37629977,  0.34569398,
         0.29322496,  0.6996608 ,  0.61653566,  0.28295764,  0.50759053,
        -0.50973934, -0.86463886,  0.71502405, -0.0610389 ,  0.04533552,
        -0.11415491],
       [ 0.22058313,  0.9385652 ,  0.31181535,  0.75065714,  0.15923214,
        -0.03766988,  0.8882289 ,  0.03737202,  0.85701054,  0.11847582,
        -0.37754232, -0.5498639 ,  0.84026396,  0.00334416,  0.35913122,
         0.617914  ]], dtype=float32), array([[-0.04579286,  0.76141447,  0.43857285,  0.32395542,  0.23435731,
         0.6565488 ,  0.40814418,  0.0363334 ,  0.38088918,  0.18382661,
        -0.27760667, -0.45669627,  0.22724918, -0.14429101,  0.18622597,
         0.2178423 ],
       [ 0.03058567,  0.4754417 ,  0.16469349,  0.83979124, -0.02712411,
         0.35212138,  0.47584257,  0.55697745,  0.6739836 ,  0.54128194,
        -0.8592457 , -0.4799029 ,  0.6833362 ,  0.40967104,  0.45830655,
         0.34930348],
       [-0.57305855, -0.47533277, -0.8694694 , -0.07149499,  0.00411337,
        -0.09784389, -0.25421384, -0.10892146, -0.57636476, -0.48580202,
         0.37369767,  0.26260367, -0.8492708 , -0.4109217 , -0.3342921 ,
        -0.26469725],
       [-0.50575066, -0.43520665,  0.11958477, -0.23166773, -0.33696085,
        -0.58332825, -0.73297   , -0.21774572, -0.12696242, -0.39688602,
         0.3192418 ,  0.00568802, -0.705031  , -0.41580617, -0.64685434,
        -0.16910769]], dtype=float32), array([ 0.38133517,  0.4044982 ,  0.39429268,  0.3933632 ,  1.3692886 ,
        1.4090564 ,  1.3950194 ,  1.3838397 ,  0.36604974,  0.38840905,
       -0.38533017, -0.38203323,  0.37454495,  0.4023694 ,  0.39167157,
        0.39019322], dtype=float32)]
602/602 [==============================] - 1s 2ms/step - loss: 0.0000e+00 - accuracy: 0.3432 - val_loss: 0.0000e+00 - val_accuracy: 0.3257
Epoch 7/10
583/602 [============================>.] - ETA: 0s - loss: 0.0000e+00 - accuracy: 0.3434[array([[ 0.49453187, -0.29079998, -0.11149473,  0.11324176,  0.59520775,
         0.60785496,  0.48844737,  0.15216158, -0.21439075,  0.23089582,
        -0.6125116 ,  0.10364544, -0.21209937,  0.7223489 ,  0.13703117,
         0.09489293],
       [ 0.22035699,  0.14472766, -0.07396782,  0.36271444, -0.25810376,
         0.38542986, -0.07872377,  0.72172135,  0.61685574,  0.5424081 ,
         0.12788224, -0.41649318, -0.28230622,  0.34165877, -0.2485277 ,
         0.33942357],
       [ 0.40438977, -0.03837446,  0.9180763 , -0.06337896,  0.59088534,
         0.34251243,  0.2722432 ,  0.8880759 ,  0.55762064,  0.85026145,
        -0.30036446, -0.17288356,  0.32245877,  0.14022999,  0.24432842,
         0.2398272 ],
       [ 0.84855336,  0.49239305,  0.20647962,  0.43561828,  0.4020294 ,
         0.3517054 ,  0.75846225,  0.6759496 ,  0.34070045,  0.56586754,
        -0.5683623 , -0.9238392 ,  0.7712693 , -0.00262509,  0.10406882,
        -0.05483478],
       [ 0.2779178 ,  0.9969258 ,  0.3706196 ,  0.81010544,  0.21615453,
         0.02053146,  0.94684225,  0.09673085,  0.91383463,  0.17594685,
        -0.43554953, -0.60894907,  0.89748794,  0.06195624,  0.41809475,
         0.6775673 ]], dtype=float32), array([[ 0.01386043,  0.8215856 ,  0.49878067,  0.38418627,  0.29343078,
         0.71676135,  0.4684086 ,  0.09664115,  0.44056484,  0.2438783 ,
        -0.33767065, -0.5167688 ,  0.28625906, -0.08415469,  0.24639367,
         0.27803683],
       [ 0.09022363,  0.53559124,  0.2248794 ,  0.9000198 ,  0.03194593,
         0.4123038 ,  0.5360821 ,  0.61728656,  0.7340537 ,  0.60131365,
        -0.91929024, -0.5399662 ,  0.7425349 ,  0.46978414,  0.5184605 ,
         0.4094964 ],
       [-0.6327663 , -0.53553224, -0.92968196, -0.13176808, -0.05500789,
        -0.15807542, -0.31446326, -0.1692635 , -0.63610995, -0.5458746 ,
         0.43377015,  0.3226978 , -0.9085114 , -0.4710841 , -0.3944645 ,
        -0.32492593],
       [-0.56549746, -0.49544   ,  0.05933971, -0.2919388 , -0.39612308,
        -0.6435992 , -0.79326475, -0.27805665, -0.1868669 , -0.45696956,
         0.3793272 ,  0.06579921, -0.7642915 , -0.47599235, -0.7070621 ,
        -0.22932445]], dtype=float32), array([ 0.44139647,  0.46450856,  0.45433593,  0.45344174,  1.4287919 ,
        1.469094  ,  1.4551059 ,  1.443964  ,  0.42599627,  0.4483482 ,
       -0.44526574, -0.44198745,  0.43399686,  0.4623741 ,  0.45170832,
        0.45025748], dtype=float32)]
602/602 [==============================] - 1s 2ms/step - loss: 0.0000e+00 - accuracy: 0.3432 - val_loss: 0.0000e+00 - val_accuracy: 0.3257
Epoch 8/10
577/602 [===========================>..] - ETA: 0s - loss: 0.0000e+00 - accuracy: 0.3425[array([[ 0.52721125, -0.25818062, -0.07887419,  0.14590053,  0.62794125,
         0.64049304,  0.5210912 ,  0.18485406, -0.18178043,  0.26349232,
        -0.6451162 ,  0.07103107, -0.17943515,  0.7549738 ,  0.16964558,
         0.12754908],
       [ 0.2472011 ,  0.17152227, -0.04711922,  0.3895355 , -0.23127839,
         0.41223705, -0.05185836,  0.748561  ,  0.64366376,  0.5691892 ,
         0.10108811, -0.4432848 , -0.2554975 ,  0.36844948, -0.22168444,
         0.36623704],
       [ 0.45885763,  0.01602725,  0.97253686, -0.00890228,  0.645449  ,
         0.3969366 ,  0.32673073,  0.94260633,  0.6120078 ,  0.90463245,
        -0.3547412 , -0.22727458,  0.37692302,  0.194629  ,  0.29878083,
         0.2942992 ],
       [ 0.9066256 ,  0.551101  ,  0.26561585,  0.49448794,  0.46013424,
         0.41043714,  0.817628  ,  0.7348701 ,  0.39848146,  0.62444896,
        -0.6274312 , -0.9826465 ,  0.8293225 ,  0.05607012,  0.16319703,
         0.00403579],
       [ 0.33609623,  1.0555212 ,  0.4295676 ,  0.8688805 ,  0.2743407 ,
         0.07920055,  1.005773  ,  0.15561733,  0.9712621 ,  0.23339927,
        -0.49388793, -0.66734445,  0.9555283 ,  0.12083244,  0.47738084,
         0.73666096]], dtype=float32), array([[ 7.40111023e-02,  8.81687820e-01,  5.58903694e-01,
         4.44321334e-01,  3.53424460e-01,  7.76886523e-01,
         5.28561711e-01,  1.56817123e-01,  5.00618339e-01,
         3.03916067e-01, -3.97715151e-01, -5.76817930e-01,
         3.46186966e-01, -2.40709428e-02,  3.06494236e-01,
         3.38151634e-01],
       [ 1.50365978e-01,  5.95682442e-01,  2.84989834e-01,
         9.60151613e-01,  9.21089351e-02,  4.72412378e-01,
         5.96220315e-01,  6.77463293e-01,  7.94101655e-01,
         6.61340892e-01, -9.79323685e-01, -6.00009739e-01,
         8.02457094e-01,  5.29854357e-01,  5.78553498e-01,
         4.69610006e-01],
       [-6.92945540e-01, -5.95651031e-01, -9.89807129e-01,
        -1.91925421e-01, -1.15199044e-01, -2.18210578e-01,
        -3.74608278e-01, -2.29457915e-01, -6.96179271e-01,
        -6.05924070e-01,  4.93819922e-01,  3.82758260e-01,
        -9.68456566e-01, -5.31181335e-01, -4.54567641e-01,
        -3.85059536e-01],
       [-6.25699580e-01, -5.55575013e-01, -8.02641385e-04,
        -3.52095306e-01, -4.56317365e-01, -7.03755975e-01,
        -8.53434145e-01, -3.38234454e-01, -2.46934563e-01,
        -5.17025769e-01,  4.39383447e-01,  1.25869349e-01,
        -8.24247479e-01, -5.36103487e-01, -7.67184556e-01,
        -2.89451748e-01]], dtype=float32), array([ 0.501439  ,  0.52452487,  0.5143691 ,  0.5134939 ,  1.4888616 ,
        1.5291239 ,  1.5151616 ,  1.5040432 ,  0.4859774 ,  0.50832564,
       -0.5052416 , -0.5019726 ,  0.49403742,  0.52238774,  0.51173776,
        0.5103018 ], dtype=float32)]
602/602 [==============================] - 1s 2ms/step - loss: 0.0000e+00 - accuracy: 0.3432 - val_loss: 0.0000e+00 - val_accuracy: 0.3257
Epoch 9/10
591/602 [============================>.] - ETA: 0s - loss: 0.0000e+00 - accuracy: 0.3421[array([[ 0.558855  , -0.22656833, -0.04726116,  0.17753354,  0.6596211 ,
         0.67211545,  0.5527163 ,  0.21650462, -0.150173  ,  0.29509294,
        -0.6767201 ,  0.03942128, -0.14779931,  0.786589  ,  0.20125555,
         0.15918063],
       [ 0.2732354 ,  0.1975307 , -0.02108262,  0.4155576 , -0.20524535,
         0.43825233, -0.02581303,  0.7745932 ,  0.6696786 ,  0.595191  ,
         0.0750799 , -0.46929172, -0.22948182,  0.39445576, -0.19565068,
         0.39225584],
       [ 0.51240104,  0.0695347 ,  1.026076  ,  0.04464541,  0.69903374,
         0.45045587,  0.38028446,  0.9961822 ,  0.6655078 ,  0.95812345,
        -0.40823513, -0.28077638,  0.4304639 ,  0.24813507,  0.3523157 ,
         0.3478446 ],
       [ 0.96472067,  0.60903454,  0.32359678,  0.55229217,  0.5182732 ,
         0.46838272,  0.8756249 ,  0.79270107,  0.4562847 ,  0.6821644 ,
        -0.68523806, -1.0402837 ,  0.8874803 ,  0.11402071,  0.2211737 ,
         0.06183998],
       [ 0.39407977,  1.1130446 ,  0.4873763 ,  0.92645776,  0.3322868 ,
         0.1362434 ,  1.0629493 ,  0.21305254,  1.0279732 ,  0.28971273,
        -0.5501763 , -0.72439665,  1.0137959 ,  0.17881703,  0.535432  ,
         0.794585  ]], dtype=float32), array([[ 0.13376994,  0.94142133,  0.61864746,  0.5040718 ,  0.41319713,
         0.83663154,  0.5883223 ,  0.21658954,  0.5603252 ,  0.3636142 ,
        -0.45741647, -0.6365227 ,  0.40593398,  0.03565171,  0.36622572,
         0.39789146],
       [ 0.21012032,  0.65540856,  0.34472743,  1.0198984 ,  0.1518744 ,
         0.5321483 ,  0.65597206,  0.737236  ,  0.85380566,  0.72103256,
        -1.0390195 , -0.6597115 ,  0.862201  ,  0.58957   ,  0.6382812 ,
         0.52934873],
       [-0.75271964, -0.6553922 , -1.0495493 , -0.25168774, -0.17497964,
        -0.27796084, -0.43436435, -0.28924057, -0.7558941 , -0.66562897,
         0.5535246 ,  0.4424686 , -1.0282103 , -0.5909124 , -0.5143002 ,
        -0.44480914],
       [-0.68548596, -0.6153252 , -0.06055699, -0.4118573 , -0.5161177 ,
        -0.7635187 , -0.91320354, -0.3980075 , -0.3066485 , -0.5767338 ,
         0.4990915 ,  0.1855846 , -0.88401073, -0.595841  , -0.826928  ,
        -0.34919745]], dtype=float32), array([ 0.5611403 ,  0.5842106 ,  0.57406354,  0.5732003 ,  1.5485816 ,
        1.5888178 ,  1.574873  ,  1.5637661 ,  0.5456454 ,  0.56799084,
       -0.564906  , -0.5616418 ,  0.5537375 ,  0.58207196,  0.5714301 ,
        0.57000405], dtype=float32)]
602/602 [==============================] - 1s 2ms/step - loss: 0.0000e+00 - accuracy: 0.3432 - val_loss: 0.0000e+00 - val_accuracy: 0.3257
Epoch 10/10
589/602 [============================>.] - ETA: 0s - loss: 0.0000e+00 - accuracy: 0.3433[array([[ 5.89755476e-01, -1.95685133e-01, -1.63775813e-02,
         2.08428085e-01,  6.90539658e-01,  7.03003764e-01,
         5.83606303e-01,  2.47408256e-01, -1.19292453e-01,
         3.25969905e-01, -7.07598150e-01,  8.53946898e-03,
        -1.16903506e-01,  8.17473412e-01,  2.32137576e-01,
         1.90074310e-01],
       [ 2.99253911e-01,  2.23535046e-01,  4.93693352e-03,
         4.41569209e-01, -1.79227754e-01,  4.64260429e-01,
         2.11273029e-04,  8.00610363e-01,  6.95686400e-01,
         6.21191800e-01,  4.90758717e-02, -4.95295465e-01,
        -2.03473732e-01,  4.20459032e-01, -1.69632748e-01,
         4.18265671e-01],
       [ 5.66867411e-01,  1.23981558e-01,  1.08053887e+00,
         9.91146341e-02,  7.53536642e-01,  5.04909158e-01,
         4.34756696e-01,  1.05066729e+00,  7.19950616e-01,
         1.01256180e+00, -4.62674081e-01, -3.35220277e-01,
         4.84929830e-01,  3.02581489e-01,  4.06777889e-01,
         4.02312666e-01],
       [ 1.02350390e+00,  6.67710662e-01,  3.82015973e-01,
         6.11259758e-01,  5.77078164e-01,  5.27065396e-01,
         9.34050083e-01,  8.51683974e-01,  5.14819205e-01,
         7.40481138e-01, -7.43213415e-01, -1.09925497e+00,
         9.46253419e-01,  1.72684118e-01,  2.79590130e-01,
         1.20807640e-01],
       [ 4.52285975e-01,  1.17072988e+00,  5.44749737e-01,
         9.85193849e-01,  3.90649855e-01,  1.93630442e-01,
         1.11975300e+00,  2.71488965e-01,  1.08407438e+00,
         3.45239073e-01, -6.05604768e-01, -7.81927288e-01,
         1.07242906e+00,  2.37433508e-01,  5.93818665e-01,
         8.53619814e-01]], dtype=float32), array([[ 0.19394946,  1.0015856 ,  0.6788181 ,  0.5642459 ,  0.47338396,
         0.89680296,  0.64850223,  0.2767763 ,  0.62047637,  0.42375994,
        -0.5175644 , -0.69667274,  0.46610752,  0.09581131,  0.42639   ,
         0.45806035],
       [ 0.27029744,  0.7155708 ,  0.40489474,  1.0800754 ,  0.21205747,
         0.59231526,  0.7161473 ,  0.7974234 ,  0.9139552 ,  0.7811751 ,
        -1.0991632 , -0.7198597 ,  0.9223716 ,  0.64972657,  0.69844395,
         0.5895171 ],
       [-0.8129078 , -0.71556145, -1.109724  , -0.31186908, -0.23517103,
        -0.338136  , -0.4945423 , -0.3494334 , -0.81605035, -0.7257792 ,
         0.61367464,  0.502621  , -1.0883914 , -0.65107656, -0.5744656 ,
        -0.50498396],
       [-0.74567986, -0.6754996 , -0.12073401, -0.47203845, -0.5763201 ,
        -0.82369995, -0.9733891 , -0.45819455, -0.3668035 , -0.63688564,
         0.55924374,  0.24574022, -0.94419235, -0.6560084 , -0.88709855,
        -0.40937003]], dtype=float32), array([ 0.62128824,  0.64434916,  0.6342079 ,  0.63335127,  1.6087358 ,
        1.64896   ,  1.6350241 ,  1.6239243 ,  0.6057741 ,  0.6281185 ,
       -0.62503326, -0.6217719 ,  0.6138847 ,  0.6422094 ,  0.6315734 ,
        0.6301525 ], dtype=float32)]
        