596/602 [============================>.] - ETA: 0s - loss: 0.0000e+00 - accuracy: 0.3426[array([[ 0.08498453, -0.44002163,  0.12335394, -0.23214158, -0.10241159,
         0.06729037, -0.48442793, -0.12607095,  0.34823856,  0.03979259,
        -0.47174606, -0.46812004, -0.36233655, -0.0478464 , -0.517729  ,
        -0.06338133],
       [ 0.1078414 ,  0.22923674,  0.4914938 , -0.34679776,  0.1319834 ,
         0.3411866 ,  0.01440519, -0.14593253, -0.16500139,  0.0701244 ,
         0.46127522, -0.27528995, -0.00454586, -0.15641205, -0.2156628 ,
        -0.5001697 ],
       [ 0.5713696 ,  0.20668639, -0.46737447,  0.4761227 ,  0.48257762,
        -0.289839  , -0.25000927,  0.38024282, -0.13948952, -0.49825796,
        -0.25162557,  0.18572016,  0.13056591, -0.08116253, -0.43517685,
         0.57139933],
       [ 0.5547632 , -0.17303176,  0.06928954, -0.14331044,  0.25109306,
        -0.20983963, -0.39302337,  0.51042646, -0.13764964,  0.11720417,
         0.18813148, -0.28984335,  0.15215659, -0.12935267,  0.2612372 ,
        -0.00817911],
       [-0.23366185,  0.17447652, -0.21563034, -0.23899727, -0.03215382,
        -0.300296  , -0.365041  , -0.41678378,  0.4649837 , -0.40547094,
         0.55652785,  0.24455467,  0.050869  ,  0.38212302, -0.46028712,
         0.28312984]], dtype=float32), array([[-0.23726754, -0.26835233,  0.29113415,  0.54280496, -0.18627656,
        -0.25937656, -0.13457663,  0.26695073,  0.20052657, -0.31752113,
         0.16846201, -0.23970912, -0.00637079,  0.2895591 ,  0.01000531,
        -0.01933534],
       [ 0.3098128 ,  0.05935781,  0.00786331, -0.17810158, -0.772407  ,
        -0.30198967, -0.0478725 , -0.18475464,  0.28926   , -0.0850289 ,
        -0.29267856, -0.02747186, -0.20383233,  0.05488313, -0.16235584,
         0.04210179],
       [-0.04190295, -0.08441708,  0.00398851, -0.51098627,  0.18872221,
        -0.04346913, -0.22941536,  0.12565109,  0.42433155,  0.05266646,
         0.15186381, -0.42791563,  0.26789758,  0.21232373, -0.2003691 ,
        -0.20559469],
       [ 0.24757077, -0.34481746,  0.19291162, -0.27548409,  0.30554682,
        -0.35531276,  0.02387273, -0.31924438, -0.21836431, -0.39520928,
        -0.22069724,  0.06299904, -0.02990512, -0.0928354 ,  0.104482  ,
        -0.3636652 ]], dtype=float32), array([ 0.07061596,  0.07905053,  0.07695646,  0.07458615,  1.076397  ,
        1.0816312 ,  1.0703549 ,  1.071444  , -0.03374326, -0.07213011,
        0.051342  , -0.03532983,  0.06721471,  0.07651193,  0.06907341,
        0.07285514], dtype=float32)]
602/602 [==============================] - 2s 3ms/step - loss: 0.0000e+00 - accuracy: 0.3422 - val_loss: 0.0000e+00 - val_accuracy: 0.3287
Epoch 2/10
585/602 [============================>.] - ETA: 0s - loss: 0.0000e+00 - accuracy: 0.3405[array([[ 0.08346771, -0.40850744,  0.10277297, -0.22060014, -0.10557395,
         0.10785048, -0.5036572 , -0.11359511,  0.34664556,  0.00321947,
        -0.4552158 , -0.4786506 , -0.36404198, -0.01626975, -0.5373486 ,
        -0.05191352],
       [ 0.10854409,  0.23315348,  0.50469303, -0.34159458,  0.13343927,
         0.35730958,  0.02888477, -0.14014569, -0.16618629,  0.04007822,
         0.47333318, -0.2802253 , -0.00447269, -0.15250431, -0.20302138,
        -0.49506316],
       [ 0.59332967,  0.27260438, -0.45602486,  0.48240215,  0.50864285,
        -0.2237144 , -0.25528204,  0.37942863, -0.15822862, -0.55809206,
        -0.2078554 ,  0.15551682,  0.15058458, -0.0159891 , -0.42355895,
         0.5772239 ],
       [ 0.59514016, -0.10778648,  0.11520997, -0.09779018,  0.29858702,
        -0.13189773, -0.35137078,  0.55657357, -0.17600119,  0.04951247,
         0.23935351, -0.33508632,  0.18813138, -0.05872587,  0.3024728 ,
         0.03590261],
       [-0.18749833,  0.25561485, -0.15679412, -0.18474782,  0.02858347,
        -0.21658213, -0.31389645, -0.35877174,  0.42147776, -0.48207012,
         0.6162623 ,  0.19420387,  0.09670452,  0.46182218, -0.41438216,
         0.32948777]], dtype=float32), array([[-0.29331714, -0.33733517,  0.22577849,  0.52169967, -0.25287753,
        -0.3296872 , -0.18989813,  0.2524403 ,  0.24445356, -0.257356  ,
         0.11041425, -0.19523369, -0.05495409,  0.22197933, -0.04738197,
        -0.03803902],
       [ 0.26371208, -0.02431364, -0.04188747, -0.21867844, -0.82542163,
        -0.38573363, -0.0756022 , -0.21741618,  0.3360893 , -0.01240135,
        -0.3602478 ,  0.02661471, -0.23958825, -0.02605719, -0.1996798 ,
         0.00987868],
       [ 0.00158755, -0.06571525,  0.08089638, -0.4691252 ,  0.24372086,
        -0.00727794, -0.15000097,  0.1694902 ,  0.38839468,  0.00260858,
         0.19435552, -0.45952094,  0.31052014,  0.24119824, -0.12899575,
        -0.16593401],
       [ 0.23465468, -0.36246026,  0.14106168, -0.33763105,  0.28369245,
        -0.38768557, -0.03083905, -0.38920376, -0.18420897, -0.3396561 ,
        -0.26306456,  0.09964385, -0.04598447, -0.11796532,  0.05538854,
        -0.42173073]], dtype=float32), array([ 0.1100383 ,  0.15084462,  0.11670563,  0.11466964,  1.1215434 ,
        1.1553001 ,  1.1077434 ,  1.1119069 , -0.07765039, -0.13828892,
        0.10470931, -0.08370665,  0.10252346,  0.1475343 ,  0.10596213,
        0.11234622], dtype=float32)]
602/602 [==============================] - 1s 2ms/step - loss: 0.0000e+00 - accuracy: 0.3422 - val_loss: 0.0000e+00 - val_accuracy: 0.3287
Epoch 3/10
589/602 [============================>.] - ETA: 0s - loss: 0.0000e+00 - accuracy: 0.3419[array([[ 0.07896347, -0.37120816,  0.09107707, -0.20955464, -0.11028769,
         0.14587758, -0.5171447 , -0.10173474,  0.34078878, -0.0315124 ,
        -0.44315422, -0.4894797 , -0.36814815,  0.02115182, -0.5491922 ,
        -0.04056707],
       [ 0.11379565,  0.26118213,  0.5172223 , -0.33802623,  0.13952045,
         0.3872376 ,  0.04193807, -0.13541606, -0.17313655,  0.01283652,
         0.48455268, -0.28353488,  0.00078695, -0.12472154, -0.19063535,
        -0.4907097 ],
       [ 0.60996324,  0.33166182, -0.41202146,  0.5090554 ,  0.5265227 ,
        -0.16429712, -0.21707478,  0.40252504, -0.17793323, -0.6151461 ,
        -0.16313687,  0.12140463,  0.16648906,  0.04287231, -0.38054737,
         0.6039441 ],
       [ 0.6286347 , -0.04188732,  0.16832529, -0.05452176,  0.3318201 ,
        -0.06625433, -0.30185255,  0.600741  , -0.2132884 , -0.0123351 ,
         0.29091027, -0.37723875,  0.21738659,  0.00646809,  0.35459802,
         0.07865818],
       [-0.15325211,  0.3273309 , -0.10023814, -0.13974355,  0.06916555,
        -0.14455922, -0.26032948, -0.3109424 ,  0.38456228, -0.54669374,
         0.670336  ,  0.15263294,  0.12917696,  0.53317505, -0.36324418,
         0.37077647]], dtype=float32), array([[-0.34271684, -0.39854115,  0.16268894,  0.47971964, -0.30558556,
        -0.39131826, -0.25209382,  0.2128886 ,  0.2848534 , -0.20154792,
         0.05620296, -0.14846773, -0.09991158,  0.16078891, -0.10783501,
        -0.07654549],
       [ 0.2240306 , -0.09346402, -0.10306751, -0.26944995, -0.8672513 ,
        -0.4546949 , -0.1316363 , -0.26753038,  0.3845661 ,  0.05224643,
        -0.4188214 ,  0.07750022, -0.2747343 , -0.09389119, -0.25697285,
        -0.04008286],
       [ 0.0521363 , -0.00817455,  0.14119653, -0.42641732,  0.2958348 ,
         0.0535039 , -0.08916876,  0.2135293 ,  0.3482216 , -0.05387031,
         0.2449597 , -0.5039811 ,  0.35953656,  0.3017433 , -0.07112052,
        -0.12531514],
       [ 0.20420422, -0.42680642,  0.08802336, -0.38933954,  0.25084668,
        -0.4519674 , -0.07867555, -0.44344747, -0.14150679, -0.27679226,
        -0.31417298,  0.14450793, -0.07664388, -0.17966355,  0.00281054,
        -0.4722312 ]], dtype=float32), array([ 0.14622529,  0.21552847,  0.16960692,  0.15942976,  1.1608936 ,
        1.2200968 ,  1.1575851 ,  1.1583284 , -0.12272035, -0.20051537,
        0.15872113, -0.13017373,  0.13730371,  0.2120653 ,  0.15737708,
        0.15688945], dtype=float32)]
602/602 [==============================] - 1s 2ms/step - loss: 0.0000e+00 - accuracy: 0.3422 - val_loss: 0.0000e+00 - val_accuracy: 0.3287
Epoch 4/10
587/602 [============================>.] - ETA: 0s - loss: 0.0000e+00 - accuracy: 0.3441[array([[ 0.0766729 , -0.33807135,  0.10377465, -0.18697691, -0.11394434,
         0.17926393, -0.5244945 , -0.07659511,  0.3311876 , -0.06368398,
        -0.42484233, -0.5118592 , -0.37082025,  0.05433111, -0.5365416 ,
        -0.01721865],
       [ 0.11638759,  0.28727892,  0.5379493 , -0.329742  ,  0.14375922,
         0.4136862 ,  0.06339858, -0.12497842, -0.17628035, -0.01256631,
         0.50456434, -0.29041696,  0.00434508, -0.09870335, -0.16951616,
        -0.48180345],
       [ 0.6332945 ,  0.3875294 , -0.35993475,  0.5583278 ,  0.5505602 ,
        -0.10828139, -0.16673447,  0.45470837, -0.20047732, -0.6701684 ,
        -0.11256937,  0.07449497,  0.18949175,  0.09865975, -0.32856998,
         0.6535221 ],
       [ 0.6673159 ,  0.0202263 ,  0.2273509 , -0.00389318,  0.3698583 ,
        -0.00451848, -0.2470502 ,  0.65252715, -0.2548462 , -0.07245375,
         0.34789938, -0.42622033,  0.25592017,  0.06803706,  0.41300532,
         0.12914997],
       [-0.1161027 ,  0.39217517, -0.04076941, -0.08598239,  0.10942519,
        -0.07945925, -0.20428051, -0.25490922,  0.34534574, -0.60804987,
         0.726482  ,  0.10254481,  0.16522048,  0.59765905, -0.30574656,
         0.42258024]], dtype=float32), array([[-3.92207086e-01, -4.57005233e-01,  1.00908577e-01,
         4.28115577e-01, -3.55316997e-01, -4.50678200e-01,
        -3.15889269e-01,  1.60711750e-01,  3.28344613e-01,
        -1.44948170e-01,  3.67578119e-04, -9.57470089e-02,
        -1.48750231e-01,  1.00418508e-01, -1.69213653e-01,
        -1.25716984e-01],
       [ 1.78557321e-01, -1.57318011e-01, -1.67066544e-01,
        -3.27491611e-01, -9.11824703e-01, -5.18478155e-01,
        -1.92074403e-01, -3.26828033e-01,  4.32529598e-01,
         1.14278764e-01, -4.79686111e-01,  1.33889124e-01,
        -3.19625854e-01, -1.57242358e-01, -3.20378572e-01,
        -9.72430259e-02],
       [ 1.01147451e-01,  5.20232394e-02,  2.04128206e-01,
        -3.76561463e-01,  3.44723165e-01,  1.15105152e-01,
        -2.58140266e-02,  2.64848351e-01,  3.04449797e-01,
        -1.11821294e-01,  3.01486015e-01, -5.54066777e-01,
         4.07379925e-01,  3.64154756e-01, -9.10260994e-03,
        -7.47830644e-02],
       [ 1.61201194e-01, -4.91724342e-01,  2.46316120e-02,
        -4.46038097e-01,  2.10864022e-01, -5.16683638e-01,
        -1.35524794e-01, -5.01539588e-01, -9.42762345e-02,
        -2.14554071e-01, -3.74659002e-01,  1.99879616e-01,
        -1.20331876e-01, -2.43637487e-01, -5.79466894e-02,
        -5.28431416e-01]], dtype=float32), array([ 0.18853484,  0.27757597,  0.22981335,  0.2135544 ,  1.2021012 ,
        1.2821926 ,  1.2139516 ,  1.2133828 , -0.1673397 , -0.26149142,
        0.21751522, -0.18225624,  0.18085255,  0.27404842,  0.21710563,
        0.21095772], dtype=float32)]
602/602 [==============================] - 1s 2ms/step - loss: 0.0000e+00 - accuracy: 0.3422 - val_loss: 0.0000e+00 - val_accuracy: 0.3287
Epoch 5/10
581/602 [===========================>..] - ETA: 0s - loss: 0.0000e+00 - accuracy: 0.3439[array([[ 0.09186946, -0.30447572,  0.12843785, -0.15822622, -0.11079893,
         0.21297933, -0.51016974, -0.04770572,  0.30408722, -0.09680443,
        -0.40239745, -0.54048264, -0.35603014,  0.08794753, -0.51257056,
         0.01158278],
       [ 0.13319352,  0.31299987,  0.5620904 , -0.3082456 ,  0.16347623,
         0.43957728,  0.08814226, -0.10242103, -0.1905684 , -0.03794076,
         0.52809644, -0.31163323,  0.0234445 , -0.07302107, -0.14497112,
        -0.46031463],
       [ 0.67255044,  0.44252142, -0.30492973,  0.61238617,  0.5915654 ,
        -0.05321783, -0.1115292 ,  0.509619  , -0.23940673, -0.72474474,
        -0.05964612,  0.02151878,  0.22915708,  0.15361267, -0.27348098,
         0.707595  ],
       [ 0.7187722 ,  0.07988191,  0.28558785,  0.05243813,  0.41924852,
         0.0549608 , -0.18854032,  0.7098659 , -0.30551043, -0.13115785,
         0.40433705, -0.48195434,  0.30650073,  0.1274378 ,  0.47117016,
         0.18597686],
       [-0.06357793,  0.45299292,  0.01850874, -0.02847292,  0.1606131 ,
        -0.01854916, -0.14426543, -0.19512706,  0.2931596 , -0.6673277 ,
         0.78323287,  0.04663457,  0.2170499 ,  0.6584267 , -0.24642694,
         0.48020202]], dtype=float32), array([[-0.4463708 , -0.5165606 ,  0.0402507 ,  0.3692583 , -0.41063753,
        -0.51084435, -0.37781483,  0.10133956,  0.37899858, -0.08676324,
        -0.05764417, -0.03716421, -0.20365696,  0.04028186, -0.22999799,
        -0.18457684],
       [ 0.12478286, -0.21902727, -0.2288453 , -0.38868248, -0.9646525 ,
        -0.5801548 , -0.2536218 , -0.38853842,  0.4859152 ,  0.17512314,
        -0.5395557 ,  0.19360444, -0.3733943 , -0.21871696, -0.38187236,
        -0.15813981],
       [ 0.15492934,  0.11349928,  0.2660498 , -0.31681415,  0.3989387 ,
         0.17672017,  0.03624864,  0.3256529 ,  0.25182095, -0.17238504,
         0.36098555, -0.61275375,  0.46149367,  0.42605698,  0.05241595,
        -0.01438392],
       [ 0.10710418, -0.5539192 , -0.03675173, -0.506822  ,  0.15888017,
        -0.57878834, -0.19705433, -0.56306076, -0.03982141, -0.15360983,
        -0.43458548,  0.25994095, -0.17403612, -0.30540222, -0.11942412,
        -0.58896166]], dtype=float32), array([ 0.23923227,  0.33842814,  0.29014543,  0.27229744,  1.2513636 ,
        1.343066  ,  1.2739061 ,  1.2732064 , -0.21840794, -0.32181525,
        0.27622065, -0.24009167,  0.23194188,  0.33486852,  0.27740827,
        0.26950705], dtype=float32)]
602/602 [==============================] - 1s 2ms/step - loss: 0.0000e+00 - accuracy: 0.3422 - val_loss: 0.0000e+00 - val_accuracy: 0.3287
Epoch 6/10
582/602 [============================>.] - ETA: 0s - loss: 0.0000e+00 - accuracy: 0.3436[array([[ 0.12289134, -0.27332982,  0.15798207, -0.12768573, -0.08343719,
         0.24418135, -0.48062685, -0.01712519,  0.27326572, -0.12772281,
        -0.37379327, -0.57095325, -0.3250586 ,  0.11910287, -0.48305422,
         0.04211513],
       [ 0.15892038,  0.33880046,  0.5878024 , -0.2825378 ,  0.18930043,
         0.46546602,  0.11393035, -0.07663838, -0.21615982, -0.06355837,
         0.553733  , -0.3372567 ,  0.04916111, -0.04724106, -0.11929091,
        -0.43461162],
       [ 0.7279753 ,  0.4979083 , -0.24917778,  0.66800433,  0.6472002 ,
         0.00220653, -0.05577588,  0.56555986, -0.2939838 , -0.77991426,
        -0.00439013, -0.03364224,  0.28453168,  0.20897947, -0.21772964,
         0.7632209 ],
       [ 0.7783879 ,  0.13959287,  0.3450605 ,  0.11180947,  0.4788399 ,
         0.11458074, -0.12892282,  0.76947665, -0.36464533, -0.19037253,
         0.46319902, -0.54099214,  0.36560285,  0.18701683,  0.53060466,
         0.24538821],
       [-0.00330206,  0.5131371 ,  0.0785273 ,  0.03179473,  0.22081773,
         0.04155535, -0.08376198, -0.13444878,  0.23385817, -0.7268116 ,
         0.84250396, -0.01273098,  0.2774352 ,  0.7187556 , -0.18621235,
         0.540586  ]], dtype=float32), array([[-0.50736535, -0.57743126, -0.02099306,  0.3081082 , -0.47163862,
        -0.5716824 , -0.43921116,  0.04016525,  0.43930295, -0.02642786,
        -0.1183168 ,  0.02343843, -0.26421443, -0.02063732, -0.29113182,
        -0.24561483],
       [ 0.0636583 , -0.28000715, -0.29014298, -0.44982418, -1.0255603 ,
        -0.6411182 , -0.31503856, -0.44993144,  0.5464376 ,  0.23566023,
        -0.6000226 ,  0.25419548, -0.43438825, -0.27957815, -0.44306198,
        -0.21923909],
       [ 0.21627814,  0.17459713,  0.32734907, -0.25565925,  0.4600845 ,
         0.23778117,  0.09762453,  0.38707116,  0.19123767, -0.23280294,
         0.42168462, -0.6733733 ,  0.52215004,  0.48715207,  0.11356343,
         0.04667472],
       [ 0.04587845, -0.615145  , -0.0979898 , -0.5679714 ,  0.09791224,
        -0.6399677 , -0.25838932, -0.6244291 ,  0.02072702, -0.09302124,
        -0.49508202,  0.32050216, -0.2348157 , -0.36641067, -0.18054526,
        -0.64997953]], dtype=float32), array([ 0.29976562,  0.39896935,  0.3507353 ,  0.3328086 ,  1.3117508 ,
        1.4036171 ,  1.3346237 ,  1.333855  , -0.27842873, -0.38208142,
        0.33648902, -0.30033037,  0.2924349 ,  0.3953932 ,  0.33798265,
        0.33002374], dtype=float32)]
602/602 [==============================] - 1s 2ms/step - loss: 0.0000e+00 - accuracy: 0.3422 - val_loss: 0.0000e+00 - val_accuracy: 0.3287
Epoch 7/10
575/602 [===========================>..] - ETA: 0s - loss: 0.0000e+00 - accuracy: 0.3416[array([[ 0.15441649, -0.2417377 ,  0.18953109, -0.09621094, -0.05184058,
         0.2758038 , -0.44905448,  0.01437161,  0.24185076, -0.15919134,
        -0.34233585, -0.6023882 , -0.29356113,  0.15070026, -0.451521  ,
         0.07358523],
       [ 0.18554664,  0.36546603,  0.61442   , -0.255922  ,  0.21597931,
         0.4921799 ,  0.14058976, -0.04998192, -0.24271207, -0.09012487,
         0.58031   , -0.36382613,  0.07578161, -0.02058606, -0.09269017,
        -0.40799847],
       [ 0.7818948 ,  0.55180836, -0.19508998,  0.7220235 ,  0.7012285 ,
         0.05612596, -0.00157058,  0.61974525, -0.34774193, -0.83370143,
         0.04944223, -0.08742524,  0.33842528,  0.2628693 , -0.16364223,
         0.8172446 ],
       [ 0.8378642 ,  0.199073  ,  0.40453765,  0.17131677,  0.53835696,
         0.17401296, -0.06936931,  0.8291099 , -0.4238282 , -0.24959013,
         0.52246207, -0.60032064,  0.42499632,  0.2464275 ,  0.5900623 ,
         0.30491674],
       [ 0.05654279,  0.57290834,  0.13832656,  0.0918107 ,  0.28056815,
         0.10134251, -0.02378882, -0.0742149 ,  0.17469306, -0.786031  ,
         0.9017856 , -0.07216723,  0.3374527 ,  0.7786034 , -0.12630738,
         0.60065264]], dtype=float32), array([[-0.56787074, -0.63788843, -0.08153752,  0.24761258, -0.5321634 ,
        -0.63212126, -0.49983466, -0.0204507 ,  0.49946064,  0.03374619,
        -0.17856178,  0.08364636, -0.3246144 , -0.08101197, -0.35161898,
        -0.3060517 ],
       [ 0.00317602, -0.3404136 , -0.35071573, -0.51031494, -1.0861228 ,
        -0.70151645, -0.37567282, -0.5105529 ,  0.6066025 ,  0.29583362,
        -0.6602657 ,  0.31439716, -0.49480218, -0.3399222 , -0.5035778 ,
        -0.27970827],
       [ 0.27688855,  0.23517314,  0.38792256, -0.19516107,  0.5207235 ,
         0.2983379 ,  0.15823771,  0.44770628,  0.13104008, -0.29302078,
         0.48194328, -0.73359066,  0.5826027 ,  0.5476198 ,  0.17405765,
         0.1071225 ],
       [-0.01465658, -0.6756801 , -0.15853137, -0.6284658 ,  0.0373189 ,
        -0.7004792 , -0.31898072, -0.68503845,  0.08090621, -0.03282078,
        -0.55534184,  0.3806881 , -0.29522985, -0.42683178, -0.2410256 ,
        -0.71040636]], dtype=float32), array([ 0.35993668,  0.45914477,  0.4109363 ,  0.39296788,  1.3719507 ,
        1.4637995 ,  1.3948885 ,  1.3940891 , -0.338435  , -0.44211045,
        0.3965196 , -0.36034465,  0.35258487,  0.4555599 ,  0.39817593,
        0.39018583], dtype=float32)]
602/602 [==============================] - 1s 2ms/step - loss: 0.0000e+00 - accuracy: 0.3422 - val_loss: 0.0000e+00 - val_accuracy: 0.3287
Epoch 8/10
575/602 [===========================>..] - ETA: 0s - loss: 0.0000e+00 - accuracy: 0.3437[array([[ 0.18580265, -0.21031524,  0.22093818, -0.06485189, -0.0204158 ,
         0.30724254, -0.41764292,  0.0457427 ,  0.21052372, -0.19054711,
        -0.31097853, -0.63372546, -0.26218954,  0.18212534, -0.4201225 ,
         0.10494189],
       [ 0.21135667,  0.39129633,  0.64022577, -0.23011737,  0.24181649,
         0.5180349 ,  0.166417  , -0.02415622, -0.26848426, -0.11590417,
         0.6060948 , -0.3896072 ,  0.10158888,  0.00523886, -0.06689315,
        -0.3821952 ],
       [ 0.83552897,  0.60543233, -0.14136459,  0.7757119 ,  0.7549217 ,
         0.10976062,  0.0522177 ,  0.67352194, -0.40128908, -0.88726485,
         0.10302979, -0.14098625,  0.39204568,  0.31648785, -0.10991704,
         0.870935  ],
       [ 0.8972371 ,  0.25824004,  0.4638294 ,  0.23052868,  0.59775233,
         0.23315422, -0.01003655,  0.888389  , -0.483044  , -0.30861646,
         0.5816393 , -0.6594377 ,  0.4843253 ,  0.3055572 ,  0.64934367,
         0.36413974],
       [ 0.11630969,  0.6318388 ,  0.19796157,  0.15122947,  0.3400076 ,
         0.16010724,  0.03603712, -0.01479787,  0.11540077, -0.8448008 ,
         0.96105814, -0.13116737,  0.397181  ,  0.8379099 , -0.06672067,
         0.6601476 ]], dtype=float32), array([[-0.6281763 , -0.6981679 , -0.14186361,  0.18731268, -0.5924794 ,
        -0.6923905 , -0.5602034 , -0.08081502,  0.55957854,  0.0938734 ,
        -0.2387271 ,  0.14379184, -0.38486275, -0.14124729, -0.4119148 ,
        -0.3663203 ],
       [-0.0571169 , -0.40066594, -0.41105667, -0.5706117 , -1.1464552 ,
        -0.761765  , -0.4360471 , -0.57092065,  0.6667235 ,  0.35596025,
        -0.72043043,  0.37453955, -0.5550594 , -0.4001406 , -0.5638894 ,
        -0.33999395],
       [ 0.3372499 ,  0.29551613,  0.44826397, -0.13485958,  0.5811008 ,
         0.3586711 ,  0.21860056,  0.508081  ,  0.07090008, -0.35317174,
         0.5421163 , -0.79374117,  0.6428796 ,  0.6079054 ,  0.2343569 ,
         0.16739698],
       [-0.07497764, -0.73600054, -0.21885581, -0.68876505, -0.02303332,
        -0.76078856, -0.3793322 , -0.74539906,  0.1410362 ,  0.0273207 ,
        -0.61551595,  0.44082177, -0.35548624, -0.4870922 , -0.30131716,
        -0.7706688 ]], dtype=float32), array([ 0.4200625 ,  0.5192724 ,  0.47107807,  0.45308736,  1.4320933 ,
        1.5239317 ,  1.4550649 ,  1.4542475 , -0.39847153, -0.50215995,
        0.4565697 , -0.4203852 ,  0.41269857,  0.5156832 ,  0.45831338,
        0.45030725], dtype=float32)]
602/602 [==============================] - 1s 2ms/step - loss: 0.0000e+00 - accuracy: 0.3422 - val_loss: 0.0000e+00 - val_accuracy: 0.3287
Epoch 9/10
600/602 [============================>.] - ETA: 0s - loss: 0.0000e+00 - accuracy: 0.3413[array([[ 2.1574903e-01, -1.8034987e-01,  2.5089526e-01, -3.4919769e-02,
         9.5507586e-03,  3.3721638e-01, -3.8768318e-01,  7.5681120e-02,
         1.8060842e-01, -2.2047745e-01, -2.8104773e-01, -6.6364646e-01,
        -2.3225088e-01,  2.1209215e-01, -3.9016962e-01,  1.3487267e-01],
       [ 2.3651601e-01,  4.1646659e-01,  6.6538310e-01, -2.0496084e-01,
         2.6699010e-01,  5.4321796e-01,  1.9158542e-01,  1.0113001e-03,
        -2.9362342e-01, -1.4104708e-01,  6.3124090e-01, -4.1475078e-01,
         1.2674668e-01,  3.0406008e-02, -4.1740850e-02, -3.5703957e-01],
       [ 8.9004189e-01,  6.5993893e-01, -8.6802699e-02,  8.3025420e-01,
         8.0946612e-01,  1.6427250e-01,  1.0681429e-01,  7.2811282e-01,
        -4.5575282e-01, -9.4173747e-01,  1.5751569e-01, -1.9545734e-01,
         4.4655037e-01,  3.7099129e-01, -5.5355269e-02,  9.2547834e-01],
       [ 9.5637518e-01,  3.1692269e-01,  5.2271992e-01,  2.8949890e-01,
         6.5690255e-01,  2.9182321e-01,  4.8875969e-02,  9.4739562e-01,
        -5.4209745e-01, -3.6722296e-01,  6.4046830e-01, -7.1835697e-01,
         5.4344022e-01,  3.6422002e-01,  7.0822799e-01,  4.2311597e-01],
       [ 1.7526443e-01,  6.9004506e-01,  2.5685161e-01,  2.1020943e-01,
         3.9853761e-01,  2.1808119e-01,  9.4950959e-02,  4.4132110e-02,
         5.6787100e-02, -9.0281987e-01,  1.0195135e+00, -1.8992347e-01,
         4.5648354e-01,  8.9662999e-01, -7.7007106e-03,  7.1925390e-01]],
      dtype=float32), array([[-0.6886766 , -0.75865394, -0.20237537,  0.12681513, -0.65298575,
        -0.75287145, -0.62073827, -0.14134747,  0.61997676,  0.15427712,
        -0.2991517 ,  0.20420542, -0.44533214, -0.20170973, -0.4724097 ,
        -0.42680094],
       [-0.11761063, -0.46113753, -0.47157648, -0.6311084 , -1.206972  ,
        -0.82223487, -0.49658498, -0.6314551 ,  0.7271236 ,  0.41636395,
        -0.7808557 ,  0.43495142, -0.6155335 , -0.46059382, -0.6243929 ,
        -0.40048376],
       [ 0.39778087,  0.35603702,  0.5087846 , -0.07436127,  0.6416396 ,
         0.41918653,  0.27913216,  0.5686187 ,  0.01048954, -0.41358802,
         0.602545  , -0.8541588 ,  0.70336443,  0.6683941 ,  0.29485416,
         0.22788073],
       [-0.1354867 , -0.79650927, -0.27936667, -0.74926287, -0.08355927,
        -0.82129073, -0.43985766, -0.80593026,  0.20144115,  0.08773214,
        -0.67594486,  0.50122917, -0.41596004, -0.54756755, -0.36181018,
        -0.83114606]], dtype=float32), array([ 0.4804655 ,  0.57967496,  0.5314895 ,  0.5134861 ,  1.492502  ,
        1.5843358 ,  1.5154978 ,  1.5146633 , -0.45882615, -0.56252086,
        0.51693034, -0.480742  ,  0.47309482,  0.5760836 ,  0.51872236,
        0.510707  ], dtype=float32)]
602/602 [==============================] - 1s 2ms/step - loss: 0.0000e+00 - accuracy: 0.3422 - val_loss: 0.0000e+00 - val_accuracy: 0.3287
Epoch 10/10
599/602 [============================>.] - ETA: 0s - loss: 0.0000e+00 - accuracy: 0.3422[array([[ 2.4722724e-01, -1.4886087e-01,  2.8237990e-01, -3.4498714e-03,
         4.1040532e-02,  3.6871019e-01, -3.5619706e-01,  1.0715460e-01,
         1.4914827e-01, -2.5194630e-01, -2.4957809e-01, -6.9511080e-01,
        -2.0077735e-01,  2.4358201e-01, -3.5868761e-01,  1.6634186e-01],
       [ 2.6198673e-01,  4.4194332e-01,  6.9085228e-01, -1.7949174e-01,
         2.9246882e-01,  5.6870258e-01,  2.1706139e-01,  2.6486585e-02,
        -3.1908250e-01, -1.6650887e-01,  6.5670472e-01, -4.4021240e-01,
         1.5221657e-01,  5.5881009e-02, -1.6274022e-02, -3.3157083e-01],
       [ 9.4365317e-01,  7.1354717e-01, -3.3164337e-02,  8.8388216e-01,
         8.6309522e-01,  2.1788405e-01,  1.6047104e-01,  7.8176588e-01,
        -5.0933874e-01, -9.9532855e-01,  2.1111332e-01, -2.4904709e-01,
         5.0015736e-01,  4.2459750e-01, -1.7170771e-03,  9.7910684e-01],
       [ 1.0145897e+00,  3.7550592e-01,  5.8143407e-01,  3.4806439e-01,
         7.1512282e-01,  3.5039893e-01,  1.0760201e-01,  1.0059813e+00,
        -6.0026604e-01, -4.2576483e-01,  6.9906497e-01, -7.7689481e-01,
         6.0164118e-01,  4.2279232e-01,  7.6693887e-01,  4.8168486e-01],
       [ 2.3328209e-01,  7.4845845e-01,  3.1540313e-01,  2.6880303e-01,
         4.5567971e-01,  2.7619386e-01,  1.5345389e-01,  1.0243638e-01,
        -7.1726349e-04, -9.6100217e-01,  1.0766991e+00, -2.4748892e-01,
         5.1482505e-01,  9.5530564e-01,  5.1108547e-02,  7.7795404e-01]],
      dtype=float32), array([[-0.7486522 , -0.8186225 , -0.26235762,  0.06684067, -0.71296453,
        -0.8128376 , -0.6807337 , -0.20134063,  0.67989904,  0.21420082,
        -0.3590871 ,  0.2641345 , -0.50529176, -0.26166534, -0.53238267,
        -0.48676592],
       [-0.17758289, -0.52109814, -0.5315629 , -0.6910819 , -1.2669582 ,
        -0.8821943 , -0.5565811 , -0.6914503 ,  0.7870472 ,  0.47628707,
        -0.84078974,  0.4948797 , -0.67549545, -0.52054447, -0.6843702 ,
        -0.4604541 ],
       [ 0.45777315,  0.416024  ,  0.5687705 , -0.01438642,  0.7016369 ,
         0.4791706 ,  0.33912492,  0.6286155 , -0.04943797, -0.47351938,
         0.66248196, -0.9140894 ,  0.7633323 ,  0.7283641 ,  0.35482857,
         0.28784743],
       [-0.19546743, -0.85648924, -0.33934826, -0.809237  , -0.14354901,
        -0.88126755, -0.4998471 , -0.8659229 ,  0.26136577,  0.14766003,
        -0.73588187,  0.5611556 , -0.47592166, -0.6075306 , -0.4217825 ,
        -0.89110994]], dtype=float32), array([ 0.5403904 ,  0.6396002 ,  0.5914179 ,  0.57340866,  1.5524267 ,
        1.6442578 ,  1.5754364 ,  1.574593  , -0.5187244 , -0.6224219 ,
        0.5768315 , -0.5406414 ,  0.5330145 ,  0.6360075 ,  0.5786498 ,
        0.5706302 ], dtype=float32)]